_viz_config[LIP].pos=(0.49361248328526175, 0.4979338842975206)
_viz_config[LIP].size=(0.03186022610483053, 0.06404958677685973)
_viz_config[MT].pos=(0.37105615047132795, 0.49999999999999994)
_viz_config[MT].size=(0.03186022610483042, 0.0640495867768595)
_viz_0 = nengo_gui.components.Value(MT)
_viz_config[_viz_0].label_visible = True
_viz_config[_viz_0].width = 0.10277492291880781
_viz_config[_viz_0].x = 0.27168495618251925
_viz_config[_viz_0].y = 0.8922205563884715
_viz_config[_viz_0].max_value = 1
_viz_config[_viz_0].min_value = -1
_viz_config[_viz_0].height = 0.19157088122605365
_viz_1 = nengo_gui.components.Value(LIP)
_viz_config[_viz_1].label_visible = True
_viz_config[_viz_1].width = 0.10277492291880781
_viz_config[_viz_1].x = 0.46412823658124297
_viz_config[_viz_1].y = 0.9019653396442275
_viz_config[_viz_1].max_value = 1
_viz_config[_viz_1].min_value = -1
_viz_config[_viz_1].height = 0.19157088122605365
_viz_2 = nengo_gui.components.Value(output)
_viz_config[_viz_2].label_visible = True
_viz_config[_viz_2].width = 0.10277492291880781
_viz_config[_viz_2].x = 0.8950093381515972
_viz_config[_viz_2].y = 0.8943025043951867
_viz_config[_viz_2].max_value = 1
_viz_config[_viz_2].min_value = -1
_viz_config[_viz_2].height = 0.19157088122605365
_viz_3 = nengo_gui.components.Value(input)
_viz_config[_viz_3].label_visible = True
_viz_config[_viz_3].width = 0.10277492291880781
_viz_config[_viz_3].x = 0.8921913160715659
_viz_config[_viz_3].y = 0.4575208951997833
_viz_config[_viz_3].max_value = 1
_viz_config[_viz_3].min_value = -1
_viz_config[_viz_3].height = 0.19157088122605365
_viz_4 = nengo_gui.components.Slider(input2)
_viz_config[_viz_4].label_visible = True
_viz_config[_viz_4].width = 0.05138745753885173
_viz_config[_viz_4].x = 0.09234824122268995
_viz_config[_viz_4].y = 0.37772745858475576
_viz_config[_viz_4].max_value = 1
_viz_config[_viz_4].min_value = -1
_viz_config[_viz_4].height = 0.1168582412018173
_viz_5 = nengo_gui.components.Slider(input1)
_viz_config[_viz_5].label_visible = True
_viz_config[_viz_5].width = 0.05137943216855087
_viz_config[_viz_5].x = 0.09440373968106619
_viz_config[_viz_5].y = 0.728363951632998
_viz_config[_viz_5].max_value = 1
_viz_config[_viz_5].min_value = -1
_viz_config[_viz_5].height = 0.11781609195402298
_viz_6 = nengo_gui.components.Raster(output)
_viz_config[_viz_6].label_visible = True
_viz_config[_viz_6].width = 0.10277492291880781
_viz_config[_viz_6].x = 0.6768060206212888
_viz_config[_viz_6].y = 0.901530983819388
_viz_config[_viz_6].height = 0.19157088122605365
_viz_ace_editor = nengo_gui.components.AceEditor()
_viz_net_graph = nengo_gui.components.NetGraph()
_viz_sim_control = nengo_gui.components.SimControl()
_viz_config[_viz_sim_control].kept_time = 4.0
_viz_config[_viz_sim_control].shown_time = 0.5
_viz_config[input].pos=(0.2443888207406425, 0.49999999999999994)
_viz_config[input].size=(0.03597122302158273, 0.07231404958677685)
_viz_config[input1].pos=(0.09353070538960541, 0.7723230326985265)
_viz_config[input1].size=(0.05739924189680516, 0.13757635644987412)
_viz_config[input2].pos=(0.09147520497095317, 0.39399928135106055)
_viz_config[input2].size=(0.057399239936529074, 0.13241106719367576)
_viz_config[model].pos=(-0.008221993833504625, -0.21694214876033055)
_viz_config[model].size=(1.0, 1.0)
_viz_config[model].expanded=True
_viz_config[model].has_layout=True
_viz_config[output].pos=(0.6398070483705184, 0.5000000000000002)
_viz_config[output].size=(0.030832476875642518, 0.06198347107438052)